   1.6793437e+02   0.0000000e+00
   1.6759734e+02   8.5073018e+00
   1.6658760e+02   1.6980457e+01
   1.6490920e+02   2.5385454e+01
   1.6256889e+02   3.3688559e+01
   1.5957604e+02   4.1856443e+01
   1.5594269e+02   4.9856322e+01
   1.5168340e+02   5.7656085e+01
   1.4681528e+02   6.5224426e+01
   1.4135786e+02   7.2530966e+01
   1.3533306e+02   7.9546377e+01
   1.2876505e+02   8.6242503e+01
   1.2168020e+02   9.2592464e+01
   1.1410695e+02   9.8570773e+01
   1.0607568e+02   1.0415344e+02
   9.7618647e+01   1.0931804e+02
   8.8769786e+01   1.1404386e+02
   7.9564616e+01   1.1831193e+02
   7.0040087e+01   1.2210511e+02
   6.0234427e+01   1.2540818e+02
   5.0186996e+01   1.2820788e+02
   3.9938123e+01   1.3049297e+02
   2.9528943e+01   1.3225429e+02
   1.9001240e+01   1.3348476e+02
   8.3972678e+00   1.3417944e+02
  -2.2404093e+00   1.3433554e+02
  -1.2869094e+01   1.3395245e+02
  -2.3446124e+01   1.3303168e+02
  -3.3929045e+01   1.3157695e+02
  -4.4275780e+01   1.2959410e+02
  -5.4444798e+01   1.2709107e+02
  -6.4395284e+01   1.2407791e+02
  -7.4087298e+01   1.2056673e+02
  -8.3481936e+01   1.1657161e+02
  -9.2541491e+01   1.1210859e+02
  -1.0122960e+02   1.0719559e+02
  -1.0951139e+02   1.0185232e+02
  -1.1735361e+02   9.6100225e+01
  -1.2472480e+02   8.9962402e+01
  -1.3159536e+02   8.3463485e+01
  -1.3793772e+02   7.6629558e+01
  -1.4372642e+02   6.9488051e+01
  -1.4893822e+02   6.2067631e+01
  -1.5355221e+02   5.4398081e+01
  -1.5754986e+02   4.6510185e+01
  -1.6091513e+02   3.8435605e+01
  -1.6363451e+02   3.0206750e+01
  -1.6569709e+02   2.1856650e+01
  -1.6709459e+02   1.3418821e+01
  -1.6782140e+02   4.9271311e+00
  -1.6787459e+02  -3.5843359e+00
  -1.6725397e+02  -1.2081416e+01
  -1.6596201e+02  -2.0530003e+01
  -1.6400391e+02  -2.8896186e+01
  -1.6138752e+02  -3.7146384e+01
  -1.5812335e+02  -4.5247482e+01
  -1.5422449e+02  -5.3166964e+01
  -1.4970660e+02  -6.0873042e+01
  -1.4458782e+02  -6.8334785e+01
  -1.3888868e+02  -7.5522243e+01
  -1.3263206e+02  -8.2406566e+01
  -1.2584308e+02  -8.8960122e+01
  -1.1854898e+02  -9.5156606e+01
  -1.1077904e+02  -1.0097115e+02
  -1.0256446e+02  -1.0638040e+02
  -9.3938198e+01  -1.1136267e+02
  -8.4934883e+01  -1.1589794e+02
  -7.5590652e+01  -1.1996801e+02
  -6.5943013e+01  -1.2355656e+02
  -5.6030688e+01  -1.2664916e+02
  -4.5893465e+01  -1.2923342e+02
  -3.5572033e+01  -1.3129895e+02
  -2.5107820e+01  -1.3283747e+02
  -1.4542828e+01  -1.3384280e+02
  -3.9194636e+00  -1.3431090e+02
   6.7196330e+00  -1.3423990e+02
   1.7331758e+01  -1.3363009e+02
   2.7874316e+01  -1.3248390e+02
   3.8304991e+01  -1.3080595e+02
   4.8581915e+01  -1.2860296e+02
   5.8663840e+01  -1.2588377e+02
   6.8510296e+01  -1.2265931e+02
   7.8081764e+01  -1.1894252e+02
   8.7339823e+01  -1.1474831e+02
   9.6247313e+01  -1.1009351e+02
   1.0476848e+02  -1.0499682e+02
   1.1286913e+02  -9.9478685e+01
   1.2051673e+02  -9.3561260e+01
   1.2768060e+02  -8.7268294e+01
   1.3433198e+02  -8.0625047e+01
   1.4044417e+02  -7.3658183e+01
   1.4599265e+02  -6.6395667e+01
   1.5095513e+02  -5.8866649e+01
   1.5531169e+02  -5.1101350e+01
   1.5904487e+02  -4.3130937e+01
   1.6213966e+02  -3.4987404e+01
   1.6458364e+02  -2.6703437e+01
   1.6636702e+02  -1.8312286e+01
   1.6748262e+02  -9.8476328e+00
   1.6792598e+02  -1.3434526e+00
