   1.7698033e+02   0.0000000e+00
   1.7662514e+02   7.8448616e+00
   1.7556101e+02   1.5658235e+01
   1.7379220e+02   2.3408759e+01
   1.7132582e+02   3.1065324e+01
   1.6817177e+02   3.8597197e+01
   1.6434269e+02   4.5974147e+01
   1.5985398e+02   5.3166564e+01
   1.5472363e+02   6.0145579e+01
   1.4897225e+02   6.6883179e+01
   1.4262291e+02   7.3352320e+01
   1.3570111e+02   7.9527036e+01
   1.2823463e+02   8.5382544e+01
   1.2025343e+02   9.0895339e+01
   1.1178956e+02   9.6043294e+01
   1.0287697e+02   1.0080575e+02
   9.3551459e+01   1.0516358e+02
   8.3850444e+01   1.0909930e+02
   7.3812866e+01   1.1259712e+02
   6.3479015e+01   1.1564299e+02
   5.2890369e+01   1.1822468e+02
   4.2089430e+01   1.2033184e+02
   3.1119550e+01   1.2195601e+02
   2.0024760e+01   1.2309067e+02
   8.8495951e+00   1.2373125e+02
  -2.3610912e+00   1.2387520e+02
  -1.3562300e+01   1.2352194e+02
  -2.4709073e+01   1.2267287e+02
  -3.5756667e+01   1.2133142e+02
  -4.6660739e+01   1.1950296e+02
  -5.7377522e+01   1.1719484e+02
  -6.7864001e+01   1.1441631e+02
  -7.8078084e+01   1.1117853e+02
  -8.7978774e+01   1.0749450e+02
  -9.7526331e+01   1.0337901e+02
  -1.0668243e+02   9.8848562e+01
  -1.1541033e+02   9.3921356e+01
  -1.2367498e+02   8.8617165e+01
  -1.3144323e+02   8.2957278e+01
  -1.3868388e+02   7.6964413e+01
  -1.4536787e+02   7.0662625e+01
  -1.5146838e+02   6.4077208e+01
  -1.5696092e+02   5.7234596e+01
  -1.6182345e+02   5.0162252e+01
  -1.6603644e+02   4.2888565e+01
  -1.6958298e+02   3.5442730e+01
  -1.7244885e+02   2.7854634e+01
  -1.7462253e+02   2.0154733e+01
  -1.7609531e+02   1.2373935e+01
  -1.7686127e+02   4.5434689e+00
  -1.7691733e+02  -3.3052335e+00
  -1.7626327e+02  -1.1140669e+01
  -1.7490172e+02  -1.8931388e+01
  -1.7283814e+02  -2.6646119e+01
  -1.7008082e+02  -3.4253897e+01
  -1.6664082e+02  -4.1724185e+01
  -1.6253195e+02  -4.9026999e+01
  -1.5777070e+02  -5.6133026e+01
  -1.5237618e+02  -6.3013743e+01
  -1.4637005e+02  -6.9641534e+01
  -1.3977642e+02  -7.5989794e+01
  -1.3262174e+02  -8.2033043e+01
  -1.2493474e+02  -8.7747024e+01
  -1.1674627e+02  -9.3108802e+01
  -1.0808920e+02  -9.8096855e+01
  -9.8998273e+01  -1.0269116e+02
  -8.9509986e+01  -1.0687329e+02
  -7.9662419e+01  -1.1062644e+02
  -6.9495099e+01  -1.1393555e+02
  -5.9048837e+01  -1.1678734e+02
  -4.8365563e+01  -1.1917037e+02
  -3.7488156e+01  -1.2107506e+02
  -2.6460278e+01  -1.2249378e+02
  -1.5326192e+01  -1.2342083e+02
  -4.1305894e+00  -1.2385248e+02
   7.0815927e+00  -1.2378701e+02
   1.8265350e+01  -1.2322468e+02
   2.9375794e+01  -1.2216775e+02
   4.0368328e+01  -1.2062045e+02
   5.1198829e+01  -1.1858900e+02
   6.1823826e+01  -1.1608155e+02
   7.2200672e+01  -1.1310817e+02
   8.2287716e+01  -1.0968079e+02
   9.2044470e+01  -1.0581317e+02
   1.0143177e+02  -1.0152083e+02
   1.1041194e+02  -9.6821006e+01
   1.1894894e+02  -9.1732554e+01
   1.2700849e+02  -8.6275902e+01
   1.3455825e+02  -8.0472952e+01
   1.4156791e+02  -7.4346996e+01
   1.4800934e+02  -6.7922623e+01
   1.5385669e+02  -6.1225619e+01
   1.5908647e+02  -5.4282865e+01
   1.6367771e+02  -4.7122228e+01
   1.6761198e+02  -3.9772450e+01
   1.7087347e+02  -3.2263031e+01
   1.7344911e+02  -2.4624114e+01
   1.7532855e+02  -1.6886359e+01
   1.7650424e+02  -9.0808247e+00
   1.7697148e+02  -1.2388416e+00
