  -2.0117544e+01   1.2400669e+02
  -4.1935204e+01   1.2743621e+02
  -6.3914200e+01   1.2667395e+02
  -8.5535242e+01   1.2202557e+02
  -1.0521441e+02   1.1224397e+02
  -1.2152753e+02   9.7374024e+01
  -1.3396605e+02   7.9172118e+01
  -1.4511251e+02   6.0076061e+01
  -1.5502658e+02   4.0341538e+01
  -1.6074650e+02   1.9006175e+01
  -1.6576489e+02  -2.5259156e+00
  -1.6553272e+02  -2.4583462e+01
  -1.5865694e+02  -4.5339084e+01
  -1.4667093e+02  -6.3891564e+01
  -1.3331134e+02  -8.1453752e+01
  -1.1678259e+02  -9.6113716e+01
  -9.9243497e+01  -1.0956916e+02
  -7.9570331e+01  -1.1888200e+02
  -5.7659371e+01  -1.2177496e+02
  -3.5738436e+01  -1.2470133e+02
  -1.3669802e+01  -1.2612185e+02
   8.4294600e+00  -1.2664884e+02
   3.0505752e+01  -1.2535184e+02
   5.2519803e+01  -1.2336761e+02
   7.4449439e+01  -1.2053348e+02
   9.5786069e+01  -1.1524453e+02
   1.1486595e+02  -1.0413596e+02
   1.3164328e+02  -8.9757303e+01
   1.4510673e+02  -7.2241956e+01
   1.5745810e+02  -5.3896106e+01
   1.6653311e+02  -3.3853512e+01
   1.6695055e+02  -1.1847842e+01
   1.6175306e+02   9.6424671e+00
   1.5464454e+02   3.0548007e+01
   1.4488719e+02   5.0394241e+01
   1.3423637e+02   6.9769723e+01
   1.2228192e+02   8.8365949e+01
   1.0749603e+02   1.0478813e+02
   9.0525707e+01   1.1873447e+02
   7.0085790e+01   1.2713712e+02
   4.8224416e+01   1.2933959e+02
   2.6228526e+01   1.2762958e+02
   4.6458024e+00   1.2306631e+02
  -7.8926011e+00   1.2275285e+02
