   1.5947565e+02   0.0000000e+00
   1.5915559e+02   9.0886449e+00
   1.5819671e+02   1.8140809e+01
   1.5660285e+02   2.7120159e+01
   1.5438041e+02   3.5990653e+01
   1.5153832e+02   4.4716687e+01
   1.4808797e+02   5.3263234e+01
   1.4404322e+02   6.1595991e+01
   1.3942030e+02   6.9681511e+01
   1.3423778e+02   7.7487341e+01
   1.2851644e+02   8.4982148e+01
   1.2227926e+02   9.2135850e+01
   1.1555126e+02   9.8919734e+01
   1.0835947e+02   1.0530657e+02
   1.0073273e+02   1.1127072e+02
   9.2701670e+01   1.1678825e+02
   8.4298519e+01   1.2183700e+02
   7.5557007e+01   1.2639673e+02
   6.6512221e+01   1.3044911e+02
   5.7200465e+01   1.3397790e+02
   4.7659116e+01   1.3696891e+02
   3.7926470e+01   1.3941016e+02
   2.8041593e+01   1.4129183e+02
   1.8044162e+01   1.4260638e+02
   7.9743038e+00   1.4334854e+02
  -2.1275616e+00   1.4351531e+02
  -1.2220887e+01   1.4310603e+02
  -2.2265160e+01   1.4212235e+02
  -3.2220064e+01   1.4056821e+02
  -4.2045642e+01   1.3844986e+02
  -5.1702455e+01   1.3577578e+02
  -6.1151743e+01   1.3255673e+02
  -7.0355577e+01   1.2880561e+02
  -7.9277015e+01   1.2453749e+02
  -8.7880247e+01   1.1976949e+02
  -9.6130741e+01   1.1452076e+02
  -1.0399538e+02   1.0881235e+02
  -1.1144260e+02   1.0266720e+02
  -1.1844251e+02   9.6109948e+01
  -1.2496700e+02   8.9166929e+01
  -1.3098990e+02   8.1866008e+01
  -1.3648703e+02   7.4236490e+01
  -1.4143631e+02   6.6308998e+01
  -1.4581790e+02   5.8115352e+01
  -1.4961419e+02   4.9688441e+01
  -1.5280996e+02   4.1062087e+01
  -1.5539237e+02   3.2270917e+01
  -1.5735106e+02   2.3350216e+01
  -1.5867816e+02   1.4335791e+01
  -1.5936836e+02   5.2638246e+00
  -1.5941888e+02  -3.8292701e+00
  -1.5882951e+02  -1.2906995e+01
  -1.5760263e+02  -2.1932913e+01
  -1.5574316e+02  -3.0870795e+01
  -1.5325855e+02  -3.9684767e+01
  -1.5015880e+02  -4.8339451e+01
  -1.4645632e+02  -5.6800108e+01
  -1.4216600e+02  -6.5032777e+01
  -1.3730504e+02  -7.3004416e+01
  -1.3189296e+02  -8.0683026e+01
  -1.2595148e+02  -8.8037786e+01
  -1.1950446e+02  -9.5039177e+01
  -1.1257776e+02  -1.0165910e+02
  -1.0519919e+02  -1.0787097e+02
  -9.7398366e+01  -1.1364987e+02
  -8.9206603e+01  -1.1897259e+02
  -8.0656778e+01  -1.2381778e+02
  -7.1783209e+01  -1.2816598e+02
  -6.2621513e+01  -1.3199974e+02
  -5.3208465e+01  -1.3530368e+02
  -4.3581846e+01  -1.3806453e+02
  -3.3780297e+01  -1.4027121e+02
  -2.3843158e+01  -1.4191486e+02
  -1.3810317e+01  -1.4298889e+02
  -3.7220432e+00  -1.4348899e+02
   6.3811702e+00  -1.4341314e+02
   1.6458771e+01  -1.4276165e+02
   2.6470308e+01  -1.4153714e+02
   3.6375598e+01  -1.3974452e+02
   4.6134881e+01  -1.3739099e+02
   5.5708987e+01  -1.3448599e+02
   6.5059485e+01  -1.3104119e+02
   7.4148845e+01  -1.2707041e+02
   8.2940582e+01  -1.2258959e+02
   9.1399410e+01  -1.1761671e+02
   9.9491374e+01  -1.1217174e+02
   1.0718399e+02  -1.0627652e+02
   1.1444640e+02  -9.9954732e+01
   1.2124943e+02  -9.3231738e+01
   1.2756578e+02  -8.6134528e+01
   1.3337011e+02  -7.8691586e+01
   1.3863911e+02  -7.0932789e+01
   1.4335163e+02  -6.2889278e+01
   1.4748876e+02  -5.4593340e+01
   1.5103390e+02  -4.6078273e+01
   1.5397281e+02  -3.7378255e+01
   1.5629369e+02  -2.8528206e+01
   1.5798724e+02  -1.9563649e+01
   1.5904665e+02  -1.0520567e+01
   1.5946767e+02  -1.4352569e+00
