   1.5160751e+02   0.0000000e+00
   1.5130325e+02   9.6002596e+00
   1.5039168e+02   1.9161985e+01
   1.4887646e+02   2.8646798e+01
   1.4676367e+02   3.8016626e+01
   1.4406179e+02   4.7233862e+01
   1.4078168e+02   5.6261509e+01
   1.3693649e+02   6.5063330e+01
   1.3254165e+02   7.3603998e+01
   1.2761482e+02   8.1849230e+01
   1.2217576e+02   8.9765933e+01
   1.1624630e+02   9.7322329e+01
   1.0985025e+02   1.0448809e+02
   1.0301328e+02   1.1123445e+02
   9.5762828e+01   1.1753433e+02
   8.8128000e+01   1.2336245e+02
   8.0139439e+01   1.2869541e+02
   7.1829212e+01   1.3351181e+02
   6.3230673e+01   1.3779231e+02
   5.4378336e+01   1.4151973e+02
   4.5307733e+01   1.4467912e+02
   3.6055272e+01   1.4725779e+02
   2.6658090e+01   1.4924538e+02
   1.7153907e+01   1.5063393e+02
   7.5808715e+00   1.5141786e+02
  -2.0225930e+00   1.5159402e+02
  -1.1617939e+01   1.5116171e+02
  -2.1166653e+01   1.5012265e+02
  -3.0630406e+01   1.4848103e+02
  -3.9971215e+01   1.4624343e+02
  -4.9151584e+01   1.4341883e+02
  -5.8134668e+01   1.4001856e+02
  -6.6884407e+01   1.3605629e+02
  -7.5365683e+01   1.3154791e+02
  -8.3544453e+01   1.2651151e+02
  -9.1387888e+01   1.2096732e+02
  -9.8864507e+01   1.1493758e+02
  -1.0594430e+02   1.0844650e+02
  -1.1259885e+02   1.0152013e+02
  -1.1880144e+02   9.4186282e+01
  -1.2452718e+02   8.6474380e+01
  -1.2975309e+02   7.8415384e+01
  -1.3445820e+02   7.0041641e+01
  -1.3862360e+02   6.1386761e+01
  -1.4223260e+02   5.2485485e+01
  -1.4527069e+02   4.3373539e+01
  -1.4772569e+02   3.4087500e+01
  -1.4958775e+02   2.4664638e+01
  -1.5084938e+02   1.5142776e+01
  -1.5150552e+02   5.5601340e+00
  -1.5155355e+02  -4.0448260e+00
  -1.5099326e+02  -1.3633551e+01
  -1.4982691e+02  -2.3167552e+01
  -1.4805918e+02  -3.2608563e+01
  -1.4569716e+02  -4.1918688e+01
  -1.4275033e+02  -5.1060558e+01
  -1.3923053e+02  -5.9997479e+01
  -1.3515188e+02  -6.8693579e+01
  -1.3053075e+02  -7.7113954e+01
  -1.2538569e+02  -8.5224806e+01
  -1.1973735e+02  -9.2993578e+01
  -1.1360840e+02  -1.0038909e+02
  -1.0702345e+02  -1.0738165e+02
  -1.0000892e+02  -1.1394320e+02
  -9.2592972e+01  -1.2004741e+02
  -8.4805370e+01  -1.2566976e+02
  -7.6677372e+01  -1.3078769e+02
  -6.8241603e+01  -1.3538065e+02
  -5.9531923e+01  -1.3943023e+02
  -5.0583291e+01  -1.4292015e+02
  -4.1431626e+01  -1.4583641e+02
  -3.2113660e+01  -1.4816731e+02
  -2.2666796e+01  -1.4990348e+02
  -1.3128950e+01  -1.5103797e+02
  -3.5384068e+00  -1.5156622e+02
   6.0663390e+00  -1.5148610e+02
   1.5646736e+01  -1.5079794e+02
   2.5164329e+01  -1.4950450e+02
   3.4580916e+01  -1.4761097e+02
   4.3858701e+01  -1.4512495e+02
   5.2960443e+01  -1.4205643e+02
   6.1849611e+01  -1.3841771e+02
   7.0490524e+01  -1.3422341e+02
   7.8848500e+01  -1.2949036e+02
   8.6889989e+01  -1.2423755e+02
   9.4582716e+01  -1.1848607e+02
   1.0189580e+02  -1.1225900e+02
   1.0879989e+02  -1.0558135e+02
   1.1526728e+02  -9.8479906e+01
   1.2127200e+02  -9.0983182e+01
   1.2678996e+02  -8.3121265e+01
   1.3179900e+02  -7.4925712e+01
   1.3627902e+02  -6.6429419e+01
   1.4021203e+02  -5.7666489e+01
   1.4358226e+02  -4.8672095e+01
   1.4637617e+02  -3.9482338e+01
   1.4858255e+02  -3.0134105e+01
   1.5019254e+02  -2.0664919e+01
   1.5119968e+02  -1.1112787e+01
   1.5159993e+02  -1.5160499e+00
