   4.6100000e+02   6.1800000e+02
   4.3200000e+02   6.1100000e+02
   4.0300000e+02   6.1000000e+02
   3.7900000e+02   6.0500000e+02
   3.4700000e+02   5.9800000e+02
   3.2000000e+02   5.8800000e+02
   2.9800000e+02   5.8200000e+02
   2.7000000e+02   5.7200000e+02
   2.4800000e+02   5.6200000e+02
   2.1900000e+02   5.4400000e+02
   1.9600000e+02   5.2700000e+02
   1.7600000e+02   5.0700000e+02
   1.5900000e+02   4.8200000e+02
   1.4000000e+02   4.5400000e+02
   1.3300000e+02   4.3100000e+02
   1.3200000e+02   4.0800000e+02
   1.3400000e+02   3.8400000e+02
   1.4200000e+02   3.6300000e+02
   1.5400000e+02   3.3900000e+02
   1.7000000e+02   3.1600000e+02
   1.8600000e+02   2.9900000e+02
   2.0400000e+02   2.8500000e+02
   2.2300000e+02   2.6900000e+02
   2.5100000e+02   2.5600000e+02
   2.7700000e+02   2.4100000e+02
   3.0300000e+02   2.3200000e+02
   3.3100000e+02   2.2000000e+02
   3.5600000e+02   2.1400000e+02
   3.8700000e+02   2.1100000e+02
   4.1700000e+02   2.0500000e+02
   4.4800000e+02   2.0400000e+02
   4.7000000e+02   1.9800000e+02
   4.9700000e+02   1.9800000e+02
   5.1600000e+02   2.0200000e+02
   5.4100000e+02   2.0600000e+02
   5.7100000e+02   2.0600000e+02
   5.9200000e+02   2.1300000e+02
   6.1800000e+02   2.2100000e+02
   6.4100000e+02   2.2700000e+02
   6.6200000e+02   2.3600000e+02
   6.8300000e+02   2.4200000e+02
   7.0200000e+02   2.5400000e+02
   7.2700000e+02   2.6600000e+02
   7.4900000e+02   2.7600000e+02
   7.6400000e+02   2.9500000e+02
   7.8600000e+02   3.1100000e+02
   8.0100000e+02   3.3300000e+02
   8.1600000e+02   3.5400000e+02
   8.2600000e+02   3.8200000e+02
   8.2700000e+02   4.1300000e+02
   8.2100000e+02   4.4600000e+02
   8.1100000e+02   4.7000000e+02
   7.9700000e+02   4.9200000e+02
   7.7700000e+02   5.1200000e+02
   7.5800000e+02   5.2800000e+02
   7.3900000e+02   5.4700000e+02
   7.2000000e+02   5.5900000e+02
   6.9600000e+02   5.7200000e+02
   6.6900000e+02   5.8100000e+02
   6.3800000e+02   5.9400000e+02
   6.1100000e+02   6.0000000e+02
   5.8800000e+02   6.0500000e+02
   5.5100000e+02   6.1200000e+02
   5.1400000e+02   6.1500000e+02
