   8.9800000e+02   1.5370000e+03
   8.1800000e+02   1.5350000e+03
   7.4900000e+02   1.5340000e+03
   6.6200000e+02   1.5230000e+03
   5.8400000e+02   1.5080000e+03
   5.4100000e+02   1.4910000e+03
   4.8000000e+02   1.4720000e+03
   4.2000000e+02   1.4520000e+03
   3.7700000e+02   1.4230000e+03
   3.4200000e+02   1.3970000e+03
   3.1000000e+02   1.3630000e+03
   2.7200000e+02   1.3250000e+03
   2.4000000e+02   1.2890000e+03
   2.1900000e+02   1.2650000e+03
   2.0300000e+02   1.2330000e+03
   1.7500000e+02   1.2000000e+03
   1.5100000e+02   1.1730000e+03
   1.3500000e+02   1.1420000e+03
   1.2300000e+02   1.1100000e+03
   1.0900000e+02   1.0720000e+03
   8.7000000e+01   1.0340000e+03
   7.3000000e+01   9.9500000e+02
   5.7000000e+01   9.5400000e+02
   4.8000000e+01   9.1000000e+02
   3.9000000e+01   8.5800000e+02
   3.4000000e+01   8.0000000e+02
   3.4000000e+01   7.4700000e+02
   3.9000000e+01   7.0300000e+02
   4.1000000e+01   6.6500000e+02
   4.5000000e+01   6.2400000e+02
   5.5000000e+01   5.8500000e+02
   6.8000000e+01   5.5800000e+02
   8.6000000e+01   5.2200000e+02
   1.0200000e+02   4.8900000e+02
   1.2300000e+02   4.4800000e+02
   1.3900000e+02   4.1900000e+02
   1.5300000e+02   4.0200000e+02
   1.7500000e+02   3.7600000e+02
   2.0100000e+02   3.3200000e+02
   2.5100000e+02   2.8400000e+02
   2.9500000e+02   2.3800000e+02
   3.3100000e+02   1.9900000e+02
   3.6500000e+02   1.7500000e+02
   4.0200000e+02   1.3700000e+02
   4.3800000e+02   1.0600000e+02
   4.8200000e+02   8.1000000e+01
   5.0000000e+02   7.0000000e+01
   5.3000000e+02   6.0000000e+01
   5.7300000e+02   5.0000000e+01
   6.1900000e+02   3.8000000e+01
   6.6700000e+02   3.1000000e+01
   7.1700000e+02   3.1000000e+01
   7.6000000e+02   3.4000000e+01
   8.0900000e+02   4.3000000e+01
   8.5400000e+02   4.3000000e+01
   9.0500000e+02   4.6000000e+01
   9.4800000e+02   4.8000000e+01
   9.8700000e+02   4.3000000e+01
   1.0300000e+03   4.0000000e+01
   1.0780000e+03   4.3000000e+01
   1.1280000e+03   4.8000000e+01
   1.1790000e+03   4.6000000e+01
   1.2240000e+03   3.4000000e+01
   1.2820000e+03   3.3000000e+01
   1.3430000e+03   3.3000000e+01
   1.3960000e+03   3.8000000e+01
   1.4490000e+03   4.5000000e+01
   1.4990000e+03   6.0000000e+01
   1.5510000e+03   9.1000000e+01
   1.6040000e+03   1.1100000e+02
   1.6590000e+03   1.4000000e+02
   1.7110000e+03   1.7100000e+02
   1.7570000e+03   2.0700000e+02
   1.8050000e+03   2.4100000e+02
   1.8530000e+03   2.7900000e+02
   1.9050000e+03   3.2300000e+02
   1.9420000e+03   3.7100000e+02
   1.9670000e+03   4.2800000e+02
   1.9940000e+03   4.8600000e+02
   2.0150000e+03   5.4900000e+02
   2.0240000e+03   6.0000000e+02
   2.0260000e+03   6.5200000e+02
   2.0310000e+03   7.0500000e+02
   2.0290000e+03   7.6300000e+02
   2.0240000e+03   8.1900000e+02
   2.0100000e+03   8.7700000e+02
   1.9900000e+03   9.4700000e+02
   1.9740000e+03   1.0040000e+03
   1.9600000e+03   1.0550000e+03
   1.9370000e+03   1.0940000e+03
   1.9100000e+03   1.1340000e+03
   1.8820000e+03   1.1750000e+03
   1.8580000e+03   1.2020000e+03
   1.8250000e+03   1.2360000e+03
   1.7860000e+03   1.2750000e+03
   1.7660000e+03   1.3030000e+03
   1.7340000e+03   1.3270000e+03
   1.6980000e+03   1.3510000e+03
   1.6680000e+03   1.3760000e+03
   1.6450000e+03   1.3920000e+03
   1.6110000e+03   1.4170000e+03
   1.5760000e+03   1.4310000e+03
   1.5420000e+03   1.4450000e+03
   1.5190000e+03   1.4580000e+03
   1.4710000e+03   1.4750000e+03
   1.4280000e+03   1.4860000e+03
   1.4030000e+03   1.4910000e+03
   1.3640000e+03   1.4980000e+03
   1.3230000e+03   1.5080000e+03
   1.2820000e+03   1.5150000e+03
   1.2490000e+03   1.5270000e+03
   1.2090000e+03   1.5300000e+03
   1.1700000e+03   1.5300000e+03
   1.1260000e+03   1.5350000e+03
   1.0890000e+03   1.5350000e+03
   1.0390000e+03   1.5350000e+03
   9.9600000e+02   1.5350000e+03
   9.5700000e+02   1.5350000e+03
